f1=[[0.41, 0.36, 0.38, 0.38, 0.43, 0.41, 0.43, 0.42, 0.41, 0.43, 0.43, 0.46,
  0.45, 0.48, 0.45, 0.46, 0.49, 0.49, 0.53],
 [0.41, 0.35, 0.39, 0.41, 0.39, 0.42, 0.43, 0.47, 0.45, 0.45, 0.46, 0.47,
  0.45, 0.49, 0.48, 0.48, 0.54, 0.49, 0.54],
 [0.35, 0.41, 0.39, 0.43, 0.41, 0.44, 0.45, 0.46, 0.45, 0.49, 0.51, 0.49,
  0.53, 0.5 , 0.53, 0.5 , 0.54, 0.52, 0.54],
 [0.39, 0.37, 0.39, 0.41, 0.42, 0.45, 0.44, 0.46, 0.49, 0.52, 0.54, 0.55,
  0.55, 0.5 , 0.54, 0.55, 0.57, 0.58, 0.54],
 [0.36, 0.38, 0.43, 0.45, 0.39, 0.48, 0.5 , 0.51, 0.51, 0.54, 0.5 , 0.56,
  0.55, 0.55, 0.56, 0.57, 0.59, 0.63, 0.59],
 [0.37, 0.41, 0.44, 0.43, 0.51, 0.47, 0.53, 0.52, 0.54, 0.57, 0.56, 0.58,
  0.58, 0.59, 0.58, 0.61, 0.64, 0.62, 0.6 ],
 [0.36, 0.43, 0.44, 0.42, 0.46, 0.47, 0.55, 0.53, 0.53, 0.56, 0.54, 0.6 ,
  0.61, 0.58, 0.65, 0.61, 0.61, 0.61, 0.62],
 [0.4 , 0.41, 0.43, 0.45, 0.52, 0.51, 0.54, 0.53, 0.57, 0.58, 0.57, 0.64,
  0.6 , 0.62, 0.65, 0.64, 0.64, 0.65, 0.62],
 [0.4 , 0.39, 0.45, 0.49, 0.51, 0.51, 0.56, 0.56, 0.59, 0.61, 0.58, 0.6 ,
  0.64, 0.63, 0.62, 0.62, 0.63, 0.67, 0.68],
 [0.38, 0.45, 0.46, 0.5 , 0.56, 0.53, 0.53, 0.59, 0.6 , 0.59, 0.6 , 0.63,
  0.65, 0.63, 0.64, 0.6 , 0.64, 0.69, 0.65],
 [0.4 , 0.46, 0.47, 0.49, 0.49, 0.52, 0.63, 0.58, 0.6 , 0.63, 0.62, 0.67,
  0.64, 0.65, 0.66, 0.68, 0.68, 0.66, 0.72],
 [0.38, 0.42, 0.5 , 0.53, 0.5 , 0.58, 0.56, 0.56, 0.59, 0.6 , 0.66, 0.65,
  0.67, 0.69, 0.64, 0.67, 0.67, 0.69, 0.71],
 [0.38, 0.43, 0.45, 0.55, 0.56, 0.59, 0.6 , 0.59, 0.65, 0.65, 0.64, 0.62,
  0.63, 0.69, 0.68, 0.69, 0.7 , 0.67, 0.69],
 [0.39, 0.45, 0.5 , 0.55, 0.56, 0.55, 0.6 , 0.64, 0.65, 0.64, 0.63, 0.66,
  0.67, 0.7 , 0.68, 0.68, 0.7 , 0.69, 0.7 ],
 [0.4 , 0.44, 0.48, 0.58, 0.58, 0.59, 0.63, 0.63, 0.63, 0.67, 0.7 , 0.67,
  0.69, 0.69, 0.69, 0.72, 0.69, 0.71, 0.68],
 [0.37, 0.47, 0.49, 0.58, 0.54, 0.58, 0.62, 0.61, 0.65, 0.63, 0.68, 0.68,
  0.68, 0.67, 0.69, 0.68, 0.71, 0.69, 0.71],
 [0.41, 0.46, 0.52, 0.54, 0.59, 0.63, 0.63, 0.64, 0.65, 0.65, 0.65, 0.7 ,
  0.69, 0.73, 0.69, 0.72, 0.71, 0.7 , 0.72],
 [0.37, 0.47, 0.53, 0.56, 0.57, 0.65, 0.63, 0.68, 0.69, 0.65, 0.7 , 0.71,
  0.72, 0.7 , 0.71, 0.7 , 0.71, 0.72, 0.72],
 [0.44, 0.47, 0.55, 0.6 , 0.62, 0.65, 0.61, 0.67, 0.66, 0.69, 0.69, 0.67,
  0.7 , 0.66, 0.71, 0.72, 0.71, 0.71, 0.71],
 [0.4 , 0.48, 0.53, 0.6 , 0.62, 0.61, 0.65, 0.65, 0.67, 0.67, 0.71, 0.69,
  0.69, 0.69, 0.73, 0.75, 0.72, 0.71, 0.7 ]]

  f2=[[0.4 , 0.4 , 0.4 , 0.37, 0.44, 0.44, 0.49, 0.48, 0.48, 0.46, 0.47, 0.55,
  0.52, 0.55, 0.54, 0.57, 0.57, 0.57, 0.57],
 [0.37, 0.39, 0.42, 0.43, 0.46, 0.46, 0.5 , 0.53, 0.55, 0.55, 0.53, 0.57,
  0.61, 0.57, 0.57, 0.57, 0.61, 0.61, 0.6 ],
 [0.38, 0.38, 0.45, 0.47, 0.48, 0.52, 0.53, 0.55, 0.56, 0.59, 0.56, 0.57,
  0.63, 0.62, 0.63, 0.59, 0.63, 0.63, 0.64],
 [0.37, 0.44, 0.5 , 0.48, 0.53, 0.5 , 0.53, 0.57, 0.57, 0.58, 0.62, 0.62,
  0.62, 0.62, 0.67, 0.64, 0.65, 0.66, 0.68],
 [0.4 , 0.42, 0.46, 0.49, 0.5 , 0.54, 0.55, 0.61, 0.63, 0.6 , 0.61, 0.66,
  0.64, 0.65, 0.64, 0.63, 0.64, 0.7 , 0.65],
 [0.37, 0.43, 0.44, 0.53, 0.55, 0.59, 0.62, 0.59, 0.65, 0.64, 0.62, 0.68,
  0.67, 0.65, 0.63, 0.69, 0.69, 0.68, 0.68],
 [0.35, 0.48, 0.52, 0.55, 0.55, 0.59, 0.62, 0.62, 0.65, 0.65, 0.65, 0.67,
  0.67, 0.68, 0.72, 0.67, 0.67, 0.69, 0.72],
 [0.37, 0.42, 0.5 , 0.56, 0.6 , 0.62, 0.63, 0.64, 0.63, 0.65, 0.65, 0.69,
  0.67, 0.68, 0.72, 0.69, 0.7 , 0.72, 0.71],
 [0.36, 0.47, 0.52, 0.57, 0.56, 0.59, 0.64, 0.65, 0.65, 0.67, 0.67, 0.7 ,
  0.69, 0.71, 0.68, 0.7 , 0.74, 0.69, 0.71],
 [0.43, 0.49, 0.54, 0.59, 0.6 , 0.62, 0.62, 0.66, 0.64, 0.69, 0.71, 0.7 ,
  0.7 , 0.69, 0.71, 0.71, 0.72, 0.72, 0.73],
 [0.43, 0.46, 0.59, 0.6 , 0.63, 0.63, 0.67, 0.68, 0.68, 0.7 , 0.71, 0.7 ,
  0.71, 0.72, 0.73, 0.73, 0.72, 0.73, 0.71],
 [0.42, 0.5 , 0.57, 0.6 , 0.61, 0.65, 0.67, 0.67, 0.7 , 0.71, 0.72, 0.71,
  0.74, 0.71, 0.71, 0.76, 0.74, 0.71, 0.75],
 [0.41, 0.5 , 0.59, 0.62, 0.6 , 0.66, 0.66, 0.72, 0.7 , 0.71, 0.68, 0.71,
  0.71, 0.72, 0.72, 0.71, 0.74, 0.75, 0.77],
 [0.43, 0.53, 0.58, 0.61, 0.62, 0.68, 0.69, 0.68, 0.7 , 0.72, 0.73, 0.73,
  0.72, 0.75, 0.71, 0.75, 0.74, 0.73, 0.74],
 [0.42, 0.5 , 0.6 , 0.61, 0.62, 0.65, 0.68, 0.71, 0.7 , 0.71, 0.73, 0.75,
  0.73, 0.77, 0.73, 0.71, 0.75, 0.74, 0.76],
 [0.43, 0.53, 0.57, 0.64, 0.64, 0.68, 0.7 , 0.72, 0.69, 0.7 , 0.72, 0.76,
  0.73, 0.73, 0.76, 0.74, 0.73, 0.73, 0.76],
 [0.45, 0.56, 0.59, 0.62, 0.67, 0.68, 0.69, 0.72, 0.71, 0.72, 0.72, 0.75,
  0.73, 0.77, 0.74, 0.76, 0.78, 0.74, 0.74],
 [0.43, 0.56, 0.57, 0.67, 0.67, 0.68, 0.7 , 0.75, 0.73, 0.72, 0.75, 0.74,
  0.74, 0.73, 0.76, 0.76, 0.77, 0.76, 0.76],
 [0.46, 0.57, 0.6 , 0.66, 0.7 , 0.69, 0.73, 0.72, 0.76, 0.75, 0.75, 0.73,
  0.75, 0.75, 0.73, 0.77, 0.76, 0.78, 0.77],
 [0.48, 0.55, 0.64, 0.66, 0.69, 0.69, 0.73, 0.72, 0.73, 0.74, 0.73, 0.74,
  0.73, 0.77, 0.77, 0.76, 0.78, 0.75, 0.78]]


result=[[ -4.,  10.,   4.,  -2.,   2.,   8.,  12.,  12.,  16.,   8.,   9.,  17.,
   13.,  12.,  18.,  20.,  15.,  15.,   8.],
 [-12.,  12.,   6.,   5.,  15.,   9.,  14.,  11.,  18.,  19.,  13.,  17.,
   26.,  15.,  14.,  15.,  12.,  19.,  10.],
 [  9.,  -7.,  12.,   7.,  15.,  16.,  15.,  16.,  20.,  18.,   8.,  14.,
   17.,  20.,  16.,  15.,  14.,  17.,  16.],
 [ -5.,  15.,  21.,  16.,  20.,   9.,  16.,  20.,  14.,  10.,  13.,  12.,
   11.,  20.,  19.,  14.,  12.,  11.,  20.],
 [ 10.,   9.,   8.,   7.,  22.,  12.,   9.,  17.,  19.,  11.,  19.,  15.,
   14.,  15.,  12.,  10.,   8.,  10.,   9.],
 [  0.,   5.,   0.,  20.,   6.,  21.,  14.,  12.,  17.,  11.,  10.,  14.,
   13.,  10.,   8.,  12.,   6.,   9.,  12.],
 [ -4.,  11.,  15.,  23.,  15.,  20.,  12.,  14.,  19.,  14.,  17.,  10.,
    9.,  15.,  10.,  10.,   9.,  11.,  13.],
 [ -7.,   3.,  14.,  19.,  14.,  19.,  14.,  16.,  10.,  12.,  12.,   7.,
   11.,   9.,  10.,   7.,   8.,   9.,  13.],
 [-12.,  16.,  14.,  15.,   9.,  14.,  13.,  13.,   9.,   9.,  13.,  14.,
    8.,  11.,   9.,  11.,  15.,   3.,   4.],
 [ 13.,   8.,  15.,  15.,   6.,  15.,  14.,  11.,   6.,  15.,  15.,  10.,
    7.,   9.,  11.,  16.,  12.,   3.,  11.],
 [  8.,   2.,  20.,  19.,  22.,  18.,   6.,  15.,  11.,  10.,  12.,   5.,
    9.,  11.,  10.,   7.,   6.,  10.,  -1.],
 [ 11.,  16.,  11.,  11.,  17.,  11.,  16.,  16.,  16.,  16.,   8.,   9.,
    9.,   3.,  10.,  12.,   9.,   3.,   5.],
 [  7.,  14.,  24.,  11.,   7.,  11.,   9.,  17.,   7.,   8.,   6.,  14.,
   11.,   5.,   5.,   3.,   5.,  11.,   9.],
 [  9.,  15.,  13.,  11.,   9.,  19.,  13.,   6.,   6.,  11.,  13.,  10.,
    8.,   6.,   4.,  10.,   5.,   5.,   5.],
 [  6.,  11.,  21.,   6.,   7.,   8.,   6.,  11.,   9.,   6.,   5.,  11.,
    5.,  10.,   6.,  -1.,   8.,   3.,  10.],
 [ 13.,  11.,  15.,   8.,  16.,  15.,  11.,  15.,   6.,  11.,   6.,  10.,
    7.,   8.,  10.,   7.,   2.,   6.,   7.],
 [  9.,  17.,  12.,  13.,  12.,   7.,   8.,  11.,   9.,  10.,   9.,   7.,
    5.,   6.,   7.,   5.,   9.,   6.,   4.],
 [ 15.,  17.,   8.,  17.,  15.,   5.,  10.,   9.,   6.,  10.,   7.,   5.,
    3.,   4.,   7.,   8.,   8.,   6.,   5.],
 [  5.,  17.,   8.,   8.,  12.,   6.,  16.,   6.,  14.,   8.,   8.,   8.,
    7.,  11.,   3.,   6.,   7.,   9.,   9.],
 [ 16.,  13.,  17.,   8.,  10.,  12.,  12.,   9.,   8.,  10.,   3.,   7.,
    7.,  10.,   5.,   2.,   8.,   6.,  10.]]
